{
  "accessors": [
    {
      "bufferView": 2,
      "componentType": 5126,
      "count": 12827,
      "max": [
        11.125114440917969,
        3.593151092529297,
        -11.41329574584961
      ],
      "min": [
        -5.63247013092041,
        -9.206525802612305,
        -26.106529235839844
      ],
      "type": "VEC3"
    },
    {
      "bufferView": 2,
      "byteOffset": 153924,
      "componentType": 5126,
      "count": 12827,
      "max": [
        0.9994163513183594,
        0.9999114274978638,
        0.9999821782112122
      ],
      "min": [
        -0.9999643564224243,
        -0.9992101788520813,
        -0.999539852142334
      ],
      "type": "VEC3"
    },
    {
      "bufferView": 2,
      "byteOffset": 307848,
      "componentType": 5126,
      "count": 12827,
      "max": [
        0.8470588326454163,
        0.8196078538894653,
        0.8470588326454163
      ],
      "min": [
        0.03921568766236305,
        0.04313725605607033,
        0.04313725605607033
      ],
      "type": "VEC3"
    },
    {
      "bufferView": 1,
      "componentType": 5126,
      "count": 12827,
      "max": [
        0.997668981552124,
        0.9999949932098389
      ],
      "min": [
        0.0,
        5.2999999752501026e-05
      ],
      "type": "VEC2"
    },
    {
      "bufferView": 0,
      "componentType": 5125,
      "count": 46902,
      "type": "SCALAR"
    }
  ],
  "asset": {
    "extras": {
      "author": "SCOPC KhonKaen (https://sketchfab.com/schaatphrmm)",
      "license": "CC-BY-4.0 (http://creativecommons.org/licenses/by/4.0/)",
      "source": "https://sketchfab.com/3d-models/e8727d86d0184bd3919cebab066d60a1",
      "title": "วัดกลาง เมืองเก่า"
    },
    "generator": "Sketchfab-12.68.0",
    "version": "2.0"
  },
  "bufferViews": [
    {
      "buffer": 0,
      "byteLength": 187608,
      "name": "floatBufferViews",
      "target": 34963
    },
    {
      "buffer": 0,
      "byteLength": 102616,
      "byteOffset": 187608,
      "byteStride": 8,
      "name": "floatBufferViews",
      "target": 34962
    },
    {
      "buffer": 0,
      "byteLength": 461772,
      "byteOffset": 290224,
      "byteStride": 12,
      "name": "floatBufferViews",
      "target": 34962
    }
  ],
  "buffers": [
    {
      "byteLength": 751996,
      "uri": "scene.bin"
    }
  ],
  "images": [
    {
      "uri": "textures/mat-0_baseColor.jpeg"
    }
  ],
  "materials": [
    {
      "doubleSided": true,
      "name": "mat-0",
      "pbrMetallicRoughness": {
        "baseColorTexture": {
          "index": 0
        },
        "metallicFactor": 0.0
      }
    }
  ],
  "meshes": [
    {
      "name": "mat-0",
      "primitives": [
        {
          "attributes": {
            "COLOR_0": 2,
            "NORMAL": 1,
            "POSITION": 0,
            "TEXCOORD_0": 3
          },
          "indices": 4,
          "material": 0,
          "mode": 4
        }
      ]
    }
  ],
  "nodes": [
    {
      "children": [
        1
      ],
      "matrix": [
        0.6540021300315857,
        -0.1344592869281767,
        -0.7444474101066589,
        0.0,
        -0.30673080682754517,
        0.852423667907715,
        -0.4234266579151152,
        0.0,
        0.6915181875228882,
        0.5052669048309325,
        0.5162440538406373,
        0.0,
        13.062115669250488,
        -6.519373893737796,
        13.347425460815428,
        1.0
      ],
      "name": "Sketchfab_model"
    },
    {
      "children": [
        2,
        4,
        6,
        8,
        10,
        12,
        14,
        16,
        18,
        20,
        22,
        24,
        26,
        28,
        30,
        32,
        34,
        36,
        38,
        40,
        42,
        44,
        46,
        48,
        50,
        52,
        54,
        56,
        58,
        60,
        62,
        64,
        66,
        68,
        70,
        72,
        74,
        76,
        78,
        80,
        82,
        84,
        86,
        88,
        90,
        92,
        94,
        96,
        98,
        100,
        102,
        104
      ],
      "name": "Collada visual scene group"
    },
    {
      "children": [
        3
      ],
      "matrix": [
        0.9454776685984995,
        -0.05256949858941125,
        0.3214162814787141,
        0.0,
        0.012079001713757864,
        0.9918682712067802,
        0.12669423937524565,
        0.0,
        -0.3254628640861275,
        -0.11590418625455641,
        0.9384242876809636,
        0.0,
        -0.7640129923820496,
        -1.6291970014572144,
        -0.7750830054283142,
        1.0
      ],
      "name": "Sequence"
    },
    {
      "name": "camera51"
    },
    {
      "children": [
        5
      ],
      "matrix": [
        0.895462448084174,
        -0.1212367441197689,
        0.4283090659165829,
        0.0,
        0.06304976175103078,
        0.9870395128265402,
        0.1475727876753857,
        0.0,
        -0.44064921605993623,
        -0.10514110516055981,
        0.8915007663436861,
        0.0,
        -2.708951950073242,
        -1.6624829769134521,
        -1.250478982925415,
        1.0
      ],
      "name": "Sequence"
    },
    {
      "name": "camera50"
    },
    {
      "children": [
        7
      ],
      "matrix": [
        0.8254592544735523,
        -0.19081421358130646,
        0.531231545655296,
        0.0,
        0.11322219345124629,
        0.9779741174319,
        0.17534925304484414,
        0.0,
        -0.5529898318360437,
        -0.08459646286130282,
        0.8288821896731166,
        0.0,
        -4.6044840812683105,
        -1.5461150407791138,
        -1.9553509950637817,
        1.0
      ],
      "name": "Sequence"
    },
    {
      "name": "camera49"
    },
    {
      "children": [
        9
      ],
      "matrix": [
        0.7405957743520135,
        -0.25559075089885225,
        0.6214428912353107,
        0.0,
        0.15836794090023684,
        0.965173572565171,
        0.20822960912608854,
        0.0,
        -0.6530218176347253,
        -0.05579733754172664,
        0.7552808502909988,
        0.0,
        -6.3781561851501465,
        -1.3092479705810547,
        -2.8705179691314697,
        1.0
      ],
      "name": "Sequence"
    },
    {
      "name": "camera48"
    },
    {
      "children": [
        11
      ],
      "matrix": [
        0.6442402022961011,
        -0.3138126813739355,
        0.6974784317485234,
        0.0,
        0.19737720093375302,
        0.9492734651748186,
        0.24478996888465315,
        0.0,
        -0.7389159642997543,
        -0.020037198504118017,
        0.6734995979056491,
        0.0,
        -8.001434326171875,
        -0.8982639908790588,
        -3.9360389709472656,
        1.0
      ],
      "name": "Sequence"
    },
    {
      "name": "camera47"
    },
    {
      "children": [
        13
      ],
      "matrix": [
        0.5370371677379568,
        -0.3659244291295658,
        0.7600594665117955,
        0.0,
        0.2306600617570591,
        0.9303776062532818,
        0.28494463618858146,
        0.0,
        -0.8114105103942291,
        0.022289503103809838,
        0.5840515060105247,
        0.0,
        -9.487161636352539,
        -0.32300400733947754,
        -5.123795986175537,
        1.0
      ],
      "name": "Sequence"
    },
    {
      "name": "camera46"
    },
    {
      "children": [
        15
      ],
      "matrix": [
        0.42143407775232067,
        -0.41108299598801146,
        0.808334144100428,
        0.0,
        0.2577390877043757,
        0.9088930080695813,
        0.3278476209331771,
        0.0,
        -0.8694618339975407,
        0.07017314508947581,
        0.48899064298806805,
        0.0,
        -10.779870986938477,
        0.3431690037250519,
        -6.508505821228027,
        1.0
      ],
      "name": "Sequence"
    },
    {
      "name": "camera45"
    },
    {
      "children": [
        17
      ],
      "matrix": [
        0.2915472013810364,
        -0.45052413247365314,
        0.8438176553176331,
        0.0,
        0.2791605663364312,
        0.8838128654728586,
        0.3754253548008947,
        0.0,
        -0.9149150821631526,
        0.12610640302346643,
        0.38344173944274074,
        0.0,
        -11.847865104675293,
        1.1329729557037354,
        -8.045195579528809,
        1.0
      ],
      "name": "Sequence"
    },
    {
      "name": "camera44"
    },
    {
      "children": [
        19
      ],
      "matrix": [
        0.1550201265160447,
        -0.4806383748062947,
        0.86310805409202,
        0.0,
        0.29279809332165296,
        0.85676858509829,
        0.42451957332481,
        0.0,
        -0.9435242640876567,
        0.18690731460335624,
        0.2735463741774107,
        0.0,
        -12.696320533752441,
        2.0252621173858643,
        -9.69108772277832,
        1.0
      ],
      "name": "Sequence"
    },
    {
      "name": "camera43"
    },
    {
      "children": [
        21
      ],
      "matrix": [
        0.01725195411853364,
        -0.5016839310269575,
        0.8648789530497495,
        0.0,
        0.29860946568562025,
        0.8281152633507584,
        0.474402252954655,
        0.0,
        -0.9542194491216579,
        0.25007667615122164,
        0.16409417711520602,
        0.0,
        -13.27039623260498,
        2.9473109245300293,
        -11.438722610473633,
        1.0
      ],
      "name": "Sequence"
    },
    {
      "name": "camera42"
    },
    {
      "children": [
        23
      ],
      "matrix": [
        -0.12674777982806162,
        -0.5138244847227377,
        0.8484806416224655,
        0.0,
        0.29544077280194797,
        0.7970027632104315,
        0.5267839644494929,
        0.0,
        -0.9469159149971265,
        0.3174444744114315,
        0.05078637209729586,
        0.0,
        -13.566733360290527,
        3.946593999862671,
        -13.20190143585205,
        1.0
      ],
      "name": "Sequence"
    },
    {
      "name": "camera41"
    },
    {
      "children": [
        25
      ],
      "matrix": [
        -0.2628300007370914,
        -0.5143678429783552,
        0.816300258987056,
        0.0,
        0.28515687291113023,
        0.7668394249931507,
        0.5750155251014702,
        0.0,
        -0.9217407165489035,
        0.38390496009555297,
        -0.0548728810064294,
        0.0,
        -13.58420467376709,
        4.975724220275879,
        -14.976568222045898,
        1.0
      ],
      "name": "Sequence"
    },
    {
      "name": "camera40"
    },
    {
      "children": [
        27
      ],
      "matrix": [
        -0.3959948017970767,
        -0.5042426434801983,
        0.7674161018937481,
        0.0,
        0.2661641190042594,
        0.7368254403461729,
        0.6214860675939202,
        0.0,
        -0.878831484816276,
        0.4503638828267315,
        -0.15756774524264072,
        0.0,
        -13.287995338439941,
        5.966337203979492,
        -16.758899688720703,
        1.0
      ],
      "name": "Sequence"
    },
    {
      "name": "camera39"
    },
    {
      "children": [
        29
      ],
      "matrix": [
        -0.5178684330541896,
        -0.485313210608869,
        0.7044738275156219,
        0.0,
        0.24066731077821102,
        0.7075890408844936,
        0.6643771479686418,
        0.0,
        -0.8209089666758322,
        0.5136037741573498,
        -0.2496390025667936,
        0.0,
        -12.727076530456543,
        6.978501796722412,
        -18.444015502929688,
        1.0
      ],
      "name": "Sequence"
    },
    {
      "name": "camera38"
    },
    {
      "children": [
        31
      ],
      "matrix": [
        -0.6326703888198826,
        -0.4554353874079334,
        0.626343984570048,
        0.0,
        0.20683129208901102,
        0.6800378823529598,
        0.7033983900875039,
        0.0,
        -0.7462901551831493,
        0.5745668685727431,
        -0.33604154179985435,
        0.0,
        -11.912246704101563,
        7.986905097961426,
        -20.04368782043457,
        1.0
      ],
      "name": "Sequence"
    },
    {
      "name": "camera37"
    },
    {
      "children": [
        33
      ],
      "matrix": [
        -0.7261991794063372,
        -0.4195281034771178,
        0.5446383407569237,
        0.0,
        0.17135276144951297,
        0.6567627444702028,
        0.7343711109647447,
        0.0,
        -0.665787490850638,
        0.6266249818422976,
        -0.40505326706243405,
        0.0,
        -10.794547080993652,
        8.903244018554688,
        -21.507732391357422,
        1.0
      ],
      "name": "Sequence"
    },
    {
      "name": "camera36"
    },
    {
      "children": [
        35
      ],
      "matrix": [
        -0.8108598474783664,
        -0.3754876473537297,
        0.44890459390846277,
        0.0,
        0.12831159955025423,
        0.6343192140871574,
        0.7623485213868433,
        0.0,
        -0.5710012619672709,
        0.6757574722669459,
        -0.4661645605439908,
        0.0,
        -9.511754989624023,
        9.78142261505127,
        -22.781457901000977,
        1.0
      ],
      "name": "Sequence"
    },
    {
      "name": "camera35"
    },
    {
      "children": [
        37
      ],
      "matrix": [
        -0.8762533884177794,
        -0.3293034652943961,
        0.35176586962276923,
        0.0,
        0.08346973278578268,
        0.6152580994785521,
        0.7838943007413118,
        0.0,
        -0.4745659100641666,
        0.7162518403265311,
        -0.5116351221660091,
        0.0,
        -8.052536010742188,
        10.516691207885742,
        -23.876911163330078,
        1.0
      ],
      "name": "Sequence"
    },
    {
      "name": "camera34"
    },
    {
      "children": [
        39
      ],
      "matrix": [
        -0.9303971284230925,
        -0.27353982249820286,
        0.24400235435281187,
        0.0,
        0.0338703305511692,
        0.5986636430291219,
        0.800284101568596,
        0.0,
        -0.3649849094557445,
        0.7528464704192694,
        -0.5477300501586799,
        0.0,
        -6.395785808563232,
        11.28129768371582,
        -24.773622512817383,
        1.0
      ],
      "name": "Sequence"
    },
    {
      "name": "camera33"
    },
    {
      "children": [
        41
      ],
      "matrix": [
        -0.9685795826894938,
        -0.21191730619594326,
        0.1301716072409859,
        0.0,
        -0.019120311485939567,
        0.5853010519578776,
        0.8105905823939004,
        0.0,
        -0.24796775130191287,
        0.7826325663500444,
        -0.5709625735568107,
        0.0,
        -4.568242073059082,
        11.873319625854492,
        -25.48466682434082,
        1.0
      ],
      "name": "Sequence"
    },
    {
      "name": "camera32"
    },
    {
      "children": [
        43
      ],
      "matrix": [
        -0.9892972179482704,
        -0.1453446044211821,
        0.01288256672651212,
        0.0,
        -0.07391036235639298,
        0.5752783505912427,
        0.8146116115532395,
        0.0,
        -0.12581046417591676,
        0.8049408458431399,
        -0.5798637441651024,
        0.0,
        -2.6347930431365967,
        12.384807586669922,
        -25.935604095458984,
        1.0
      ],
      "name": "Sequence"
    },
    {
      "name": "camera31"
    },
    {
      "children": [
        45
      ],
      "matrix": [
        -0.9917165434854849,
        -0.07972095558265045,
        -0.10071179979620896,
        0.0,
        -0.1282297713714366,
        0.5690378296645231,
        0.8122518538881388,
        0.0,
        -0.00744466998809909,
        0.8184378520398957,
        -0.5745468294552587,
        0.0,
        -0.67255699634552,
        12.824357032775879,
        -26.089946746826172,
        1.0
      ],
      "name": "Sequence"
    },
    {
      "name": "camera30"
    },
    {
      "children": [
        47
      ],
      "matrix": [
        -0.9766256471662129,
        -0.011472283659307261,
        -0.21464093739270063,
        0.0,
        -0.1831884766352298,
        0.5668152929001051,
        0.8032200232580311,
        0.0,
        0.11244699784894524,
        0.8237650213757612,
        -0.5556679424193476,
        0.0,
        1.3142999410629272,
        13.135266304016113,
        -26.013530731201172,
        1.0
      ],
      "name": "Sequence"
    },
    {
      "name": "camera29"
    },
    {
      "children": [
        49
      ],
      "matrix": [
        -0.9436879633173225,
        0.05769361035533044,
        -0.3257675171255897,
        0.0,
        -0.23731056349733437,
        0.5680397414355527,
        0.7880447630702258,
        0.0,
        0.23051404369925424,
        0.8209764305228243,
        -0.5223609634949962,
        0.0,
        3.2960360050201416,
        13.247443199157715,
        -25.73161506652832,
        1.0
      ],
      "name": "Sequence"
    },
    {
      "name": "camera28"
    },
    {
      "children": [
        51
      ],
      "matrix": [
        -0.8921617508851778,
        0.1279675908700451,
        -0.4332109254675021,
        0.0,
        -0.2898791019170851,
        0.5733214773171131,
        0.7663371254993895,
        0.0,
        0.34643544352337435,
        0.8092754656690387,
        -0.4744003627074107,
        0.0,
        5.249423027038574,
        13.201457023620605,
        -25.197725296020508,
        1.0
      ],
      "name": "Sequence"
    },
    {
      "name": "camera27"
    },
    {
      "children": [
        53
      ],
      "matrix": [
        -0.8263193892612493,
        0.19306846707756076,
        -0.5290754520399117,
        0.0,
        -0.337494270500976,
        0.5823133839396679,
        0.7396003922820397,
        0.0,
        0.4508812308246264,
        0.7897060781740596,
        -0.4160173383225947,
        0.0,
        7.122066020965576,
        12.995011329650879,
        -24.468687057495117,
        1.0
      ],
      "name": "Sequence"
    },
    {
      "name": "camera26"
    },
    {
      "children": [
        55
      ],
      "matrix": [
        -0.7436730645452936,
        0.2551727171538446,
        -0.6179298159905664,
        0.0,
        -0.3830172372519862,
        0.5949447200871949,
        0.7066389290211975,
        0.0,
        0.5479490569730612,
        0.7621861088085332,
        -0.344708814075938,
        0.0,
        8.860387802124023,
        12.655579566955566,
        -23.543426513671875,
        1.0
      ],
      "name": "Sequence"
    },
    {
      "name": "camera25"
    },
    {
      "children": [
        57
      ],
      "matrix": [
        -0.647293284359574,
        0.3128757779354992,
        -0.6950684510206538,
        0.0,
        -0.42278556230254266,
        0.6113796210826454,
        0.668929986794854,
        0.0,
        0.6342426762143317,
        0.7268587940625723,
        -0.2634625612157919,
        0.0,
        10.4368257522583,
        12.184286117553711,
        -22.436887741088867,
        1.0
      ],
      "name": "Sequence"
    },
    {
      "name": "camera24"
    },
    {
      "children": [
        59
      ],
      "matrix": [
        -0.5367787744527486,
        0.3659494874175064,
        -0.7602299125632127,
        0.0,
        -0.4568354067414295,
        0.6314749006869937,
        0.6265308140464794,
        0.0,
        0.7093447387867188,
        0.6836083838435685,
        -0.17178364035724147,
        0.0,
        11.866497039794922,
        11.617534637451172,
        -21.133859634399414,
        1.0
      ],
      "name": "Sequence"
    },
    {
      "name": "camera23"
    },
    {
      "children": [
        61
      ],
      "matrix": [
        -0.41681597421600447,
        0.41233644743224596,
        -0.8100883271331083,
        0.0,
        -0.48375368824593146,
        0.6538855002814246,
        0.5817354395514933,
        0.0,
        0.7695757355496737,
        0.6343598400282491,
        -0.07308064458194785,
        0.0,
        13.09643840789795,
        10.954750061035156,
        -19.650415420532227,
        1.0
      ],
      "name": "Sequence"
    },
    {
      "name": "camera22"
    },
    {
      "children": [
        63
      ],
      "matrix": [
        -0.2874766914830882,
        0.4516148454962727,
        -0.8446307969647538,
        0.0,
        -0.5037784473435233,
        0.6787179857169783,
        0.5343680116328415,
        0.0,
        0.8145946402021599,
        0.579125139492032,
        0.03239822467741449,
        0.0,
        14.083637237548828,
        10.246541976928711,
        -17.995681762695313,
        1.0
      ],
      "name": "Sequence"
    },
    {
      "name": "camera21"
    },
    {
      "children": [
        65
      ],
      "matrix": [
        -0.14951810043210245,
        0.48148664640216937,
        -0.8636057821596428,
        0.0,
        -0.5167876576290524,
        0.7065735705300131,
        0.4834090466165749,
        0.0,
        0.8429560217267882,
        0.5185792116589912,
        0.14318081809266914,
        0.0,
        14.808030128479004,
        9.471700668334961,
        -16.260560989379883,
        1.0
      ],
      "name": "Sequence"
    },
    {
      "name": "camera20"
    },
    {
      "children": [
        67
      ],
      "matrix": [
        -0.012287186461343635,
        0.5011616464623763,
        -0.8652664498083722,
        0.0,
        -0.5214995295897142,
        0.7351130609441507,
        0.43318244224232827,
        0.0,
        0.8531630944236692,
        0.45655863998444,
        0.25232309162854616,
        0.0,
        15.255780220031738,
        8.650262832641602,
        -14.472533226013184,
        1.0
      ],
      "name": "Sequence"
    },
    {
      "name": "camera19"
    },
    {
      "children": [
        69
      ],
      "matrix": [
        0.11900694141216428,
        0.5111106120774679,
        -0.8512363303557466,
        0.0,
        -0.5186931024590519,
        0.7630450952558239,
        0.38564186503469017,
        0.0,
        0.8466373564620955,
        0.3956363542798194,
        0.35591721202415594,
        0.0,
        15.422439575195313,
        7.767237186431885,
        -12.656825065612793,
        1.0
      ],
      "name": "Sequence"
    },
    {
      "name": "camera18"
    },
    {
      "children": [
        71
      ],
      "matrix": [
        0.25583137336446937,
        0.5123014863614976,
        -0.8198155252703194,
        0.0,
        -0.5076750852824936,
        0.7928841142045842,
        0.33704716172284366,
        0.0,
        0.82268846848966,
        0.32997267843537015,
        0.46292733263475105,
        0.0,
        15.321158409118652,
        6.817872047424316,
        -10.831992149353027,
        1.0
      ],
      "name": "Sequence"
    },
    {
      "name": "camera17"
    },
    {
      "children": [
        73
      ],
      "matrix": [
        0.388084103378719,
        0.5026812451821528,
        -0.772465076522464,
        0.0,
        -0.48761284520436665,
        0.8232278203308652,
        0.29073986487063536,
        0.0,
        0.7820642185245649,
        0.26383237400935705,
        0.5645954627236642,
        0.0,
        14.948362350463867,
        5.880483150482178,
        -9.056196212768555,
        1.0
      ],
      "name": "Sequence"
    },
    {
      "name": "camera16"
    },
    {
      "children": [
        75
      ],
      "matrix": [
        0.5205338389806927,
        0.48132068004747686,
        -0.7052481304013906,
        0.0,
        -0.4586805036254924,
        0.8543015678368016,
        0.2445015885131369,
        0.0,
        0.7201782543717125,
        0.19621221712782594,
        0.6654652866828562,
        0.0,
        14.315607070922852,
        4.847259044647217,
        -7.395479202270508,
        1.0
      ],
      "name": "Sequence"
    },
    {
      "name": "camera15"
    },
    {
      "children": [
        77
      ],
      "matrix": [
        0.6324324493480122,
        0.4528816489179143,
        -0.6284325016141868,
        0.0,
        -0.4256523765335159,
        0.8810014429233013,
        0.20653452960323868,
        0.0,
        0.6471856390271989,
        0.1368746493710654,
        0.7499440505774441,
        0.0,
        13.404759407043457,
        3.7513279914855957,
        -5.881289958953857,
        1.0
      ],
      "name": "Sequence"
    },
    {
      "name": "camera14"
    },
    {
      "children": [
        79
      ],
      "matrix": [
        0.736313351401807,
        0.4143011953515748,
        -0.5349739882253112,
        0.0,
        -0.3848109841356448,
        0.906721583916576,
        0.17255861539886141,
        0.0,
        0.5565637025857827,
        0.0788066544783617,
        0.8270588589537824,
        0.0,
        12.25210952758789,
        2.6543490886688232,
        -4.545995235443115,
        1.0
      ],
      "name": "Sequence"
    },
    {
      "name": "camera13"
    },
    {
      "children": [
        81
      ],
      "matrix": [
        0.8235804896191203,
        0.36799665643465806,
        -0.4316174671762513,
        0.0,
        -0.3396220503509968,
        0.9294149909373882,
        0.1443767208944693,
        0.0,
        0.4542818949001986,
        0.027680958685832417,
        0.8904278322762144,
        0.0,
        10.878887176513672,
        1.6825350522994995,
        -3.358565092086792,
        1.0
      ],
      "name": "Sequence"
    },
    {
      "name": "camera12"
    },
    {
      "children": [
        83
      ],
      "matrix": [
        0.8947303383645904,
        0.3122399641369092,
        -0.3193177514729917,
        0.0,
        -0.28811509103044447,
        0.9498562710849049,
        0.12150209299101947,
        0.0,
        0.34124377786342763,
        -0.016711345740582924,
        0.9398262685161733,
        0.0,
        9.342482566833496,
        0.8534839749336243,
        -2.389760971069336,
        1.0
      ],
      "name": "Sequence"
    },
    {
      "name": "camera11"
    },
    {
      "children": [
        85
      ],
      "matrix": [
        0.9462551280230116,
        0.25165635462695846,
        -0.2031509583192375,
        0.0,
        -0.2344911204173169,
        0.9664360939399901,
        0.10495327901235893,
        0.0,
        0.22274457824060592,
        -0.05167548263814489,
        0.9735062903538576,
        0.0,
        7.634642124176025,
        0.14279399812221527,
        -1.6099599599838257,
        1.0
      ],
      "name": "Sequence"
    },
    {
      "name": "camera10"
    },
    {
      "children": [
        87
      ],
      "matrix": [
        0.978009934841172,
        0.18987258989919273,
        -0.08628422194665415,
        0.0,
        -0.18150189561352434,
        0.9786625236412911,
        0.09631576562929188,
        0.0,
        0.10273085826889512,
        -0.07853702582242557,
        0.9916039059696689,
        0.0,
        5.816915988922119,
        -0.4480670094490051,
        -1.040827989578247,
        1.0
      ],
      "name": "Sequence"
    },
    {
      "name": "camera9"
    },
    {
      "children": [
        89
      ],
      "matrix": [
        0.9918653569188601,
        0.12281909924006207,
        0.0334452179852667,
        0.0,
        -0.12546087561550115,
        0.9876529777547765,
        0.09381452031489995,
        0.0,
        -0.021510054254091745,
        -0.09724743900989277,
        0.9950277650256817,
        0.0,
        3.9288480281829834,
        -0.9353690147399902,
        -0.6935359835624695,
        1.0
      ],
      "name": "Sequence"
    },
    {
      "name": "camera8"
    },
    {
      "children": [
        91
      ],
      "matrix": [
        0.9871680169589045,
        0.05550827628149022,
        0.14972687653752012,
        0.0,
        -0.070606429401402,
        0.9927295482764423,
        0.09748218353132881,
        0.0,
        -0.14322722653395506,
        -0.10680297394318469,
        0.9839101007390272,
        0.0,
        1.9882030487060547,
        -1.2861440181732178,
        -0.5834779739379883,
        1.0
      ],
      "name": "Sequence"
    },
    {
      "name": "camera7"
    },
    {
      "children": [
        93
      ],
      "matrix": [
        0.9630250375523386,
        -0.015974517900875566,
        0.26893789585172145,
        0.0,
        -0.013707209109159096,
        0.9940424706997775,
        0.10812806695543917,
        0.0,
        -0.26906298419841135,
        -0.10781642371604039,
        0.9570688216169874,
        0.0,
        0.02361300028860569,
        -1.4726970195770264,
        -0.6982939839363098,
        1.0
      ],
      "name": "Sequence"
    },
    {
      "name": "camera6"
    },
    {
      "children": [
        95
      ],
      "matrix": [
        0.9223336141495445,
        -0.08357785240049333,
        0.3772471958781941,
        0.0,
        0.03844573499640418,
        0.9913319348792039,
        0.12563009332655972,
        0.0,
        -0.3844770860147916,
        -0.10136931230296078,
        0.917551978283955,
        0.0,
        -1.9327349662780762,
        -1.5657559633255005,
        -1.0326800346374512,
        1.0
      ],
      "name": "Sequence"
    },
    {
      "name": "camera5"
    },
    {
      "children": [
        97
      ],
      "matrix": [
        0.8725921768501115,
        -0.14130361380545547,
        0.4675640936016178,
        0.0,
        0.08195864058122565,
        0.9860263511353353,
        0.14503384467362712,
        0.0,
        -0.4815243235123862,
        -0.08823448074451969,
        0.8719799322654643,
        0.0,
        -3.7804009914398193,
        -1.539808988571167,
        -1.6345429420471191,
        1.0
      ],
      "name": "Sequence"
    },
    {
      "name": "camera4"
    },
    {
      "children": [
        99
      ],
      "matrix": [
        0.8033408087964778,
        -0.20509059402531843,
        0.5590897898947564,
        0.0,
        0.12900924393389235,
        0.9764668286727723,
        0.1728269292712919,
        0.0,
        -0.5813778116696804,
        -0.06671117405713006,
        0.8108942343820759,
        0.0,
        -5.532684803009033,
        -1.3310229778289795,
        -2.406912088394165,
        1.0
      ],
      "name": "Sequence"
    },
    {
      "name": "camera3"
    },
    {
      "children": [
        101
      ],
      "matrix": [
        0.7021487897229524,
        -0.27556281978114844,
        0.6565456644018416,
        0.0,
        0.17846403904811903,
        0.960751804094925,
        0.21238304474458033,
        0.0,
        -0.6893023022282928,
        -0.03195470673639919,
        0.7237687702990272,
        0.0,
        -7.267887115478516,
        -0.9998459815979004,
        -3.361016035079956,
        1.0
      ],
      "name": "Sequence"
    },
    {
      "name": "camera2"
    },
    {
      "children": [
        103
      ],
      "matrix": [
        0.6050168388277903,
        -0.329362243100491,
        0.7248966392215104,
        0.0,
        0.2151010625469929,
        0.9441904446888554,
        0.24947131508335013,
        0.0,
        -0.7666069120650962,
        0.004991690903350901,
        0.6420972865508335,
        0.0,
        -8.817551612854004,
        -0.5426570177078247,
        -4.4538397789001465,
        1.0
      ],
      "name": "Sequence"
    },
    {
      "name": "camera1"
    },
    {
      "children": [
        105
      ],
      "name": "mesh1"
    },
    {
      "mesh": 0,
      "name": "mat-0"
    }
  ],
  "samplers": [
    {
      "magFilter": 9729,
      "minFilter": 9987,
      "wrapS": 10497,
      "wrapT": 10497
    }
  ],
  "scene": 0,
  "scenes": [
    {
      "name": "Sketchfab_Scene",
      "nodes": [
        0
      ]
    }
  ],
  "textures": [
    {
      "sampler": 0,
      "source": 0
    }
  ]
}
